506 563 107 298 377 190 393 339 650 72 752 982 925 292 407 983 408 987 42 838 70 108 177 498 4 178 945 931 79 714 365 693 729 940 69 83 127 30 411 101 
417 801 876 535 201 521 962 98 637 336 522 769 878 746 824 25 123 906 41 899 669 196 800 755 367 334 903 988 884 485 480 348 640 642 343 829 470 776 856 299 
781 294 543 318 944 471 327 487 280 115 762 462 550 916 848 133 206 576 704 528 807 368 702 874 130 397 929 430 399 764 608 888 515 768 160 677 812 319 29 845 
313 965 670 116 175 388 671 627 24 595 917 634 16 472 934 920 994 120 182 75 613 398 378 262 392 897 942 482 901 628 258 162 132 635 366 163 110 183 102 74 
526 539 795 387 267 117 831 1 344 645 533 424 314 20 749 699 47 615 923 352 50 402 722 289 647 992 243 119 489 951 968 816 466 735 46 913 454 345 597 738 
933 969 159 279 618 701 122 685 606 385 401 355 661 620 725 893 792 938 52 531 548 503 753 18 739 786 517 683 796 560 194 242 27 231 273 662 757 288 33 371 
488 154 981 426 767 674 730 975 832 959 979 84 891 439 623 180 602 153 295 607 889 684 92 118 316 51 686 580 338 492 418 423 851 80 609 912 783 873 718 479 
530 598 67 657 744 908 320 680 760 244 579 895 955 212 491 415 332 672 66 882 460 496 960 99 233 852 329 197 726 232 732 76 706 226 676 493 199 536 321 956 
6 230 169 844 621 208 35 575 331 422 644 558 173 341 82 691 19 278 932 268 649 247 991 823 307 502 611 507 554 524 785 195 651 622 877 818 582 383 918 357 
218 221 527 14 514 431 335 826 32 861 359 911 486 682 972 204 724 512 310 513 481 799 31 986 847 643 808 570 43 205 914 490 264 96 78 73 974 103 675 713 
574 977 381 283 734 777 349 189 534 384 659 322 251 315 567 200 600 573 449 995 453 907 604 172 311 601 839 373 549 174 464 728 309 973 854 354 330 822 737 504 
922 346 532 614 271 766 980 7 887 188 868 849 219 413 501 529 109 946 372 459 250 716 404 137 11 690 652 152 168 253 665 630 151 837 45 773 104 952 361 559 
860 869 700 296 880 484 813 499 720 957 272 125 688 165 85 65 128 758 656 698 511 964 871 461 308 277 26 369 306 375 898 641 227 727 840 468 668 953 692 569 
457 61 287 474 324 798 433 673 356 15 740 712 778 742 148 594 317 660 167 209 255 139 114 286 241 405 961 556 440 58 22 745 593 970 134 806 427 561 894 220 
124 624 562 463 420 520 779 2 155 954 207 870 538 821 723 353 203 222 631 248 989 360 225 380 772 547 90 362 921 312 919 886 756 541 333 545 998 150 81 855 
924 64 259 186 909 537 428 761 654 866 591 181 731 347 748 48 28 577 12 432 518 131 445 91 542 447 436 260 340 276 303 3 497 171 971 815 585 948 791 802 
864 136 252 111 775 414 429 135 993 708 184 455 584 599 300 166 234 836 406 458 892 216 282 144 626 596 817 990 403 819 56 863 386 156 351 588 519 900 441 235 
395 469 865 57 867 525 416 465 500 784 323 473 523 937 382 646 967 711 902 805 249 820 36 214 885 516 442 589 17 678 666 224 256 586 754 862 88 850 374 475 
269 228 337 37 379 93 325 904 60 935 881 63 552 788 211 770 215 926 697 947 236 578 804 743 872 976 396 390 505 555 771 297 794 859 456 939 636 896 170 389 
55 142 191 587 112 448 126 229 655 425 185 733 719 305 437 54 546 5 663 553 510 141 774 787 192 568 274 363 157 715 246 984 509 245 759 612 275 23 140 950 
446 179 95 790 540 301 391 949 291 943 400 261 467 619 551 410 557 996 648 910 707 146 915 603 8 68 875 293 9 105 270 941 508 883 176 653 905 143 237 285 
254 290 263 87 49 793 495 59 198 681 966 710 638 879 930 565 350 811 202 100 633 694 94 827 709 478 696 71 239 193 963 434 828 695 664 40 147 928 477 138 
257 544 419 592 583 750 161 113 846 326 689 765 494 483 853 747 610 129 38 302 564 435 958 841 281 814 835 789 265 825 629 1000 158 412 53 39 717 858 679 187 
342 833 705 658 667 438 617 451 358 364 238 421 936 450 721 443 217 834 687 809 566 86 213 444 797 145 803 97 985 571 149 857 240 782 21 476 121 999 210 616 
89 13 978 328 394 590 843 376 997 62 830 842 741 34 106 581 304 736 164 10 703 452 223 763 266 890 77 370 780 605 632 284 927 625 572 44 639 409 810 751 
