1012 834 1562 626 1052 1866 976 1060 12 436 1148 1844 1720 914 248 1848 1728 790 538 110 
892 508 514 684 178 1126 1602 588 1930 1078 1938 308 1196 460 442 1954 692 1738 122 1248 
128 272 938 456 284 358 580 1088 1666 26 214 1752 1086 1340 1590 318 1962 134 338 1054 
762 1064 1400 574 1124 518 504 1730 674 382 190 526 838 1410 1956 596 1070 636 232 774 
558 852 1314 1688 28 566 1228 592 948 926 372 222 114 74 1174 1580 174 1184 1316 656 
754 402 1888 350 534 1236 1534 1488 1242 1028 1468 542 1760 648 840 1818 1550 1734 758 224 
1080 98 1166 1334 788 380 1042 942 776 234 1402 1348 1816 416 862 1554 1532 968 1596 1040 
1074 828 1050 186 896 602 1586 1500 876 1180 786 1924 654 1342 1662 244 1460 640 70 670 
698 1960 1626 866 1558 856 858 832 650 252 782 990 322 1234 1686 678 196 974 1254 2 
1370 1950 1360 1150 1652 378 14 998 1346 4 1522 270 930 1808 458 1898 118 226 902 752 
1300 1274 560 48 688 1212 1664 1520 662 64 1068 1774 1440 712 310 1308 1986 1000 120 1310 
582 396 1692 716 1994 144 672 230 1190 1290 770 1918 488 844 1722 768 376 1914 30 1908 
1732 1416 1568 1870 850 1886 1362 652 728 124 1504 1044 1524 1834 1066 802 1958 1158 1288 718 
1318 1736 544 1480 414 1182 368 646 1762 370 800 1932 1378 476 1660 1964 1538 924 1268 848 
710 168 1790 1116 1822 644 1698 250 1424 1740 362 910 946 126 1466 522 1420 1530 842 1684 
1850 1756 1100 32 628 1322 1782 1910 346 972 502 438 1376 1556 1076 1462 1168 1046 1104 1438 
934 1276 988 1872 1482 584 1492 1832 944 40 1240 878 424 682 1364 630 826 330 1484 1642 
694 1198 1874 1576 610 1238 1758 966 900 68 814 1648 1696 1868 1498 1450 1246 982 164 1944 
1134 1002 170 296 1446 1496 600 764 422 874 1102 1860 1706 1442 212 1966 50 266 1840 1398 
1786 360 830 1382 408 400 1058 130 1188 706 96 332 1292 1540 108 820 1130 1494 886 1162 
816 246 412 1988 94 1584 1204 664 38 1448 1200 218 256 634 406 56 468 1934 430 1092 
1114 700 1220 434 608 1974 1812 1152 240 1230 1876 306 1344 556 1024 1146 1892 1516 1320 444 
1154 1672 1422 1852 10 1992 1622 258 1668 1472 84 82 1408 364 1846 104 590 132 1864 620 
898 744 1312 334 1262 24 812 1804 1394 1326 1296 404 76 1374 328 1676 1798 1056 150 704 
1062 1214 1764 536 1026 1990 918 1396 418 496 864 916 1610 1894 1106 1820 200 604 1618 20 
140 1338 1614 1226 100 1096 1778 920 1298 962 906 500 1022 510 1978 1036 1784 498 472 1020 
1414 1266 1128 1132 1406 216 392 736 796 804 1006 1368 992 494 1598 1814 1432 1928 278 720 
262 432 1640 1156 282 292 1388 870 172 904 354 1600 1404 756 1444 1506 184 1920 1982 62 
1208 808 1742 228 450 890 564 72 1608 1548 1830 188 1916 426 446 996 1510 1748 524 578 
36 236 198 1646 1972 344 274 922 572 760 182 288 428 1486 1574 1206 1654 1682 888 1526 
8 734 260 784 1294 1478 632 466 614 1694 622 22 616 482 1544 1084 1252 1770 1744 384 
16 1418 562 1594 532 356 668 794 1794 1984 1572 102 1704 1004 1286 1202 1380 554 810 1094 
894 1192 1032 1952 1136 136 956 1628 290 1780 1890 1806 1858 1884 486 1034 1372 658 1222 1616 
1678 1304 52 1922 180 872 1634 884 792 548 1750 1392 1670 1606 154 1862 1976 860 964 238 
1366 1160 394 1014 1140 746 304 738 1112 724 520 1980 1178 780 726 586 142 1578 194 740 
158 1768 798 1802 978 1592 676 1452 1108 86 1098 336 612 880 1842 680 806 34 1010 314 
18 478 530 1970 1560 1428 970 1528 1256 1902 1120 984 464 1048 410 348 506 750 116 624 
552 1638 1356 1110 1430 210 386 1650 1142 1210 730 960 1216 516 1936 388 836 1464 1570 1828 
928 1330 1796 44 1838 606 112 1332 1542 492 540 1926 1258 298 1264 1386 696 1776 324 1632 
484 846 152 390 980 1456 1260 1282 1490 1772 6 1726 448 594 1968 1882 868 2000 1714 568 
1458 1280 1030 264 932 54 1702 1412 1302 528 618 302 454 1186 1512 994 772 512 1588 1018 
1016 1656 316 480 1854 1880 1284 1536 1270 1470 462 160 452 1244 192 1946 1674 1454 1940 1082 
342 312 1172 1718 490 1766 1390 824 1564 1250 138 686 320 732 92 546 1218 1352 1754 156 
1708 90 1680 268 666 1942 702 1508 912 1518 352 1328 106 42 1144 166 1658 1354 326 1826 
1324 1824 986 1636 146 708 1546 936 1612 1090 1630 1176 1724 1878 1224 1306 80 78 952 88 
254 940 1624 220 908 1514 1566 398 1164 1948 660 208 1336 854 1996 1170 1038 176 1272 550 
1810 294 1434 242 1278 60 1552 638 366 690 576 1746 1072 766 206 1644 1904 1906 1122 300 
1896 1800 1700 1792 46 286 1856 1716 1998 818 822 1712 58 204 1194 66 1436 642 1836 1350 
1474 722 1384 1788 162 1582 882 748 340 280 474 954 1358 420 1620 202 598 1690 148 1476 
742 958 1912 714 1426 1008 1118 1138 440 1710 1604 470 950 778 1900 570 276 374 1232 1502 
