328 658 592 87 790 587 37 57 111 186 463 474 296 614 283 14 844 657 426 279 387 116 318 535 298 978 705 419 263 95 191 337 865 252 259 562 287 700 532 381 527 169 67 981 159 795 670 543 876 107 13 833 544 290 179 142 228 469 136 64 624 61 869 346 977 221 230 598 154 969 539 965 294 801 563 89 342 257 254 446 55 269 395 864 924 124 457 860 922 574 218 6 530 488 933 526 313 781 417 506 
376 451 113 59 949 229 904 465 135 761 2 673 499 7 189 826 575 680 975 685 1 627 487 98 339 843 617 161 495 391 126 325 416 429 428 779 433 813 980 349 335 35 320 730 122 831 671 327 962 393 590 438 750 793 301 448 93 525 414 537 520 798 484 766 777 431 208 908 674 701 117 388 471 521 190 394 667 583 49 540 112 379 867 775 909 420 324 880 271 734 514 621 744 767 618 267 175 944 201 377 
842 421 765 710 261 733 63 473 455 181 870 712 125 849 322 911 558 895 84 355 424 634 462 769 982 830 238 689 966 400 185 881 323 184 591 207 740 272 868 659 359 644 579 979 401 533 917 762 522 752 62 364 326 681 943 425 935 784 708 866 954 15 957 188 384 861 422 244 959 385 645 595 115 336 72 997 358 846 198 291 655 60 500 993 654 155 356 720 887 534 32 331 760 832 606 344 24 280 637 650 
581 443 747 565 410 54 770 646 166 48 353 594 65 529 200 204 691 415 180 893 699 920 133 25 983 106 721 853 930 551 437 211 382 300 748 723 148 85 501 567 972 82 491 623 725 749 934 848 824 407 34 450 483 879 619 305 788 937 599 347 821 742 165 413 315 682 341 212 439 620 20 472 916 746 292 741 936 494 638 467 719 552 523 584 731 538 778 688 219 251 486 173 955 891 661 314 16 550 878 925 
10 809 302 100 910 553 947 805 458 432 248 209 698 459 995 513 268 882 607 531 352 75 528 899 838 164 687 38 202 648 663 697 902 406 12 631 167 656 372 449 310 932 66 295 52 923 182 704 41 42 736 834 129 811 996 5 926 711 836 577 222 660 758 946 573 512 278 672 153 938 615 120 576 906 987 304 217 610 350 557 546 215 967 234 28 203 317 128 109 600 724 19 332 602 792 47 994 206 123 408 
763 444 841 827 603 787 743 214 144 91 380 286 461 137 172 986 823 99 118 18 289 262 874 755 498 223 213 958 94 915 774 804 36 282 445 225 114 871 404 604 31 991 960 92 753 722 378 702 800 177 452 86 435 694 146 141 578 820 216 131 360 139 964 716 907 799 247 496 684 503 402 398 368 196 108 703 566 564 633 707 510 236 249 892 518 989 255 511 250 453 481 649 460 889 548 50 613 807 669 70 
370 97 789 71 293 363 390 589 990 260 362 556 369 152 373 570 507 197 580 683 119 482 430 988 931 77 803 835 696 875 274 396 442 817 436 90 961 26 652 839 808 611 329 686 517 243 942 929 903 945 890 145 814 478 68 568 976 516 596 447 547 405 277 690 601 643 502 852 51 786 992 897 397 334 178 266 797 281 709 8 192 872 885 626 542 772 241 308 11 311 847 307 233 316 739 647 392 130 367 4 
284 857 1000 434 941 984 297 224 863 3 886 745 641 630 728 490 195 76 423 242 816 162 888 348 693 632 149 629 963 270 246 771 666 56 303 919 22 898 665 464 914 785 732 418 194 968 258 608 480 365 605 571 825 193 105 715 555 678 819 276 312 58 375 253 174 205 524 232 492 560 951 628 764 485 714 780 985 265 239 9 157 505 17 403 340 921 440 306 168 549 43 554 726 338 796 489 901 399 884 79 
44 476 39 40 653 612 939 862 588 815 545 806 468 773 354 73 818 493 912 662 913 163 677 829 83 572 21 53 664 176 759 456 754 351 971 333 134 840 45 854 78 877 676 609 273 46 366 160 343 69 625 782 412 695 883 245 859 586 156 171 541 970 727 837 973 96 622 226 80 231 735 635 768 642 940 927 240 158 828 508 509 794 256 386 497 756 593 227 151 309 264 651 706 851 27 466 132 515 640 729 
751 616 187 138 285 950 389 475 235 802 855 220 569 559 504 713 357 956 479 371 738 74 845 299 101 810 210 679 477 237 140 170 374 441 791 81 894 692 361 737 675 918 321 718 33 597 102 29 856 411 409 999 858 928 143 23 896 850 900 948 150 561 953 952 822 103 383 536 873 288 345 183 319 776 30 639 121 717 147 905 275 636 88 519 585 998 427 668 104 330 974 582 199 783 757 454 110 812 470 127 
