70 80 90 85 88
60 70 75 80 82
55 65 70 75 78
80 85 90 95 98
90 95 85 80 92
70 80 90 85 88
60 70 75 80 82
55 65 70 75 78
80 85 90 95 98
90 95 85 80 92
70 80 90 85 88
60 70 75 80 82
55 65 70 75 78
80 85 90 95 98
90 95 85 80 92
70 80 90 85 88
60 70 75 80 82
55 65 70 75 78
80 85 90 95 98
90 95 85 80 92
70 80 90 85 88
60 70 75 80 82
55 65 70 75 78
80 85 90 95 98
90 95 85 80 92
70 80 90 85 88
60 70 75 80 82
55 65 70 75 78
80 85 90 95 98
90 95 85 80 92
70 80 90 85 88
60 70 75 80 82
55 65 70 75 78
80 85 90 95 98
90 95 85 80 92
70 80 90 85 88
60 70 75 80 82
55 65 70 75 78
80 85 90 95 98
90 95 85 80 92
70 80 90 85 88
60 70 75 80 82
55 65 70 75 78
80 85 90 95 98
90 95 85 80 92
70 80 90 85 88
60 70 75 80 82
55 65 70 75 78
80 85 90 95 98
90 95 85 80 92
90 95 85 80 92
55 65 70 75 78
60 70 75 80 82
60 70 75 80 82
55 65 70 75 78
80 85 90 95 98
90 95 85 80 92
70 80 90 85 88
60 70 75 80 82
55 65 70 75 78